[[4.2308,4.4896,4.4218,3.7803,4.4372,3.4247,4.3173,3.6820,3.4440,3.1384,2.8549,3.3015,2.5322,3.0464,2.4647,2.4824,1.9147,2.0582],[4.4896,3.1477,4.9967,4.4779,4.4007,3.9901,4.0056,3.8534,3.3909,3.1180,3.3767,3.4808,2.7261,2.4353,2.8241,2.2182,2.8564,2.5824],[4.4218,4.9967,3.7292,5.2896,5.0304,4.2929,4.3359,4.2892,3.5592,3.7524,3.6134,3.5030,2.5361,3.3887,3.0418,2.4777,2.8734,2.7898],[3.7803,4.4779,5.2896,4.3879,5.1864,4.4685,4.0468,3.9403,3.7911,3.5642,2.9760,3.4968,2.9411,2.9092,3.0808,2.2511,1.5962,2.5908],[4.4372,4.4007,5.0304,5.1864,5.0643,4.9341,4.3458,4.1060,3.7311,4.0853,3.5533,3.6999,3.1259,2.9094,3.1218,2.9106,3.4034,2.9223],[3.4247,3.9901,4.2929,4.4685,4.9341,4.1890,4.7260,3.9568,4.1580,3.6586,3.5670,3.3364,2.8661,2.3319,3.0806,2.4903,3.0679,2.9202],[4.3173,4.0056,4.3359,4.0468,4.3458,4.7260,4.3645,4.6638,4.5308,4.0338,3.8903,4.2146,3.6111,3.6620,3.2692,3.2653,3.3954,3.2673],[3.6820,3.8534,4.2892,3.9403,4.1060,3.9568,4.6638,3.3778,5.0343,4.6701,4.3966,4.1655,3.6847,3.0859,3.6779,2.6738,3.5333,3.6165],[3.4440,3.3909,3.5592,3.7911,3.7311,4.1580,4.5308,5.0343,3.6518,5.0092,4.2601,4.3424,3.6260,3.5244,3.4497,3.2436,3.5755,3.9944],[3.1384,3.1180,3.7524,3.5642,4.0853,3.6586,4.0338,4.6701,5.0092,4.4482,4.8504,4.6241,4.1687,3.3047,3.7195,3.1048,3.8971,3.8505],[2.8549,3.3767,3.6134,2.9760,3.5533,3.5670,3.8903,4.3966,4.2601,4.8504,4.3854,4.9881,4.5734,4.0125,3.8536,3.3959,3.8720,3.8168],[3.3015,3.4808,3.5030,3.4968,3.6999,3.3364,4.2146,4.1655,4.3424,4.6241,4.9881,4.7376,4.7227,4.0685,4.3124,3.8861,3.8442,3.9846],[2.5322,2.7261,2.5361,2.9411,3.1259,2.8661,3.6111,3.6847,3.6260,4.1687,4.5734,4.7227,4.0677,4.4414,4.6682,3.7167,4.0031,3.9472],[3.0464,2.4353,3.3887,2.9092,2.9094,2.3319,3.6620,3.0859,3.5244,3.3047,4.0125,4.0685,4.4414,2.4636,4.3936,4.3985,4.0680,3.8303],[2.4647,2.8241,3.0418,3.0808,3.1218,3.0806,3.2692,3.6779,3.4497,3.7195,3.8536,4.3124,4.6682,4.3936,4.6619,4.6056,4.2547,4.5476],[2.4824,2.2182,2.4777,2.2511,2.9106,2.4903,3.2653,2.6738,3.2436,3.1048,3.3959,3.8861,3.7167,4.3985,4.6056,0,4.6411,4.0769],[1.9147,2.8564,2.8734,1.5962,3.4034,3.0679,3.3954,3.5333,3.5755,3.8971,3.8720,3.8442,4.0031,4.0680,4.2547,4.6411,4.6649,4.7540],[2.0582,2.5824,2.7898,2.5908,2.9223,2.9202,3.2673,3.6165,3.9944,3.8505,3.8168,3.9846,3.9472,3.8303,4.5476,4.0769,4.7540,2.2893]]